47 3862.59 3871.26
48 3113.38 3122.74
49 2852.27 2860.61
50 4452.05 4460.84
51 2929 2939.69
52 3084.48 3093.03
53 3180.16 3190.9
54 3775.37 3787.7
55 980.41 994.21
56 2771.1 2779.83
57 3674.63 3683.69
58 3802.84 3809.74
59 5324.91 5335.62
60 2795.88 2805.48
61 3792.05 3801.5
62 3825.42 3834.93
63 3520.19 3529.7
64 4674.39 4685.39
65 4493.17 4503.37
66 3334.95 3347.04
67 2607.1 2619.97
68 4520.91 4537.2
69 4093.2 4103.55
70 3507.06 3520.23
71 4204.91 4213.4
72 2393.66 2320.05
73 2805.78 2815.86
74 4364.77 4376.44
75 2221.74 2231.01
76 5335.69 5344.99
77 2959.53 2969.67
78 4866.11 4876.4
79 3527.0 3535.4
80 3180.33 3191.88
81 4887.85 4896.58
82 4034.2 4043.23
83 5155.84 5163.76
84 4527.4 4535.62
85 4775.97 4785.81
86 3277.2 3287.43
87 3079.59 3091.26
88 2750.8 2759.41
89 3603.34 3615.25
90 4330.09 4338.13
91 3580.99 3591.58
92 6316.64 6325
93 5641.97 5651.57
94 2831.18 2842.67
95 4615.57 4625.23
96 3389.41 3399.58
97 2939.73 2951.31
98 3187.1 3112.32
99 4474.32 4484.28
100 4374.96 4386.0
101 4438.2 4448
102 4943.89 4971.82
103 3330.79 3339.09
104 4961.48 4972.49
105 4407.7 4416.01
106 3055.91 3063.38
107 3619.16 3632.54
108 2939.41 2949.01
109 3809.35 3822.82
110 4351.7 4360.73
111 3114.82 3126.16
112 5431 5443
113 3255.27 3269.16
114 4763.1 4776.45
115 2474.23 2489.2
116 4520.26 4533.55
117 4315.92 4328.46
118 5297.89 5308.12
119 3587.74 3599.38
120 2109.62 2119.97
121 2704.85 2720.66
122 3160.97 3169.55
123 3046.18 3054.82
124 1179.49 1188.82
125 3074.83 3088.33
126 3975.53 3984.43
127 3358.57 3373.47
127 3358.57 3373.47
127 3358.57 3373.47
